.Random.seed <-
c(403L, 10L, -735873960L, -966168133L, 309430105L, -92248856L, 
-1548940010L, 1592929937L, 117171011L, -147792302L, -1885179676L, 
2143699751L, 988796797L, -2040120716L, 98042970L, -1381598043L, 
-422926657L, -314163898L, 453755856L, 1003015667L, 1821395217L, 
-247368384L, -453233378L, 1353765353L, -338812133L, -674321110L, 
8693324L, -1583726065L, -816761531L, 2045843196L, 830467410L, 
1270596301L, 280763015L, -587104914L, 575551304L, 1089278795L, 
-300500311L, -1629564936L, 1361518374L, -1438130111L, 1131762131L, 
1888336770L, -1936781388L, -52885705L, -1266098643L, -80605372L, 
-1044509590L, -1512605995L, -1907171217L, 1049190774L, -1256101216L, 
243947363L, 1851554817L, -1906595984L, 341503758L, -409728647L, 
632044811L, -1956723142L, -359391940L, 1386746495L, 656972245L, 
-1856219156L, -62068414L, 1214084765L, 678454039L, -1191202178L, 
-27475400L, 1470010651L, 805397113L, -521232696L, -739158282L, 
1760100145L, -166660253L, 623930674L, -329806204L, 825846471L, 
232884637L, 2053315860L, -396397638L, -662039035L, 62642143L, 
1402809958L, -1274414608L, 382981907L, -1916331855L, -727823520L, 
1714534654L, -1706563447L, 955611067L, 1665069450L, -522166164L, 
-1330445841L, 20912677L, 1623994076L, -2093873998L, 531236781L, 
-933020825L, -594470770L, 1741215080L, 783680875L, 389342985L, 
-1630070376L, -443842362L, -776297951L, 775498419L, 999217186L, 
1587241492L, 937846423L, -1441859443L, -706536028L, -1719967862L, 
-153482251L, 2054742607L, 538039638L, 452562944L, -877252285L, 
1072364769L, -1107044784L, -2090046802L, -1904234919L, 1017312875L, 
382024666L, -1249096548L, -1936914785L, -1175991051L, 1366257036L, 
-1186187166L, 359684157L, -249912649L, 673278302L, 581939352L, 
335395835L, 1314269593L, -2007868888L, 1811872470L, 1753263953L, 
-895684093L, 1028752786L, -701152476L, -1284237849L, -626204099L, 
-1370727244L, 2104990490L, 1422176357L, 1230534911L, 881228166L, 
-539685104L, 576199603L, 357341265L, -2117760000L, 169954526L, 
-1665556695L, 62014171L, 1533180394L, -1604992628L, -370940209L, 
-1522926971L, 672895292L, 731724818L, 2128483085L, -990126009L, 
-32566738L, -850338936L, -660638069L, 1716389993L, 2119275576L, 
-650357530L, -75539327L, -600474605L, -1410425918L, 862102644L, 
-862250377L, 667353965L, 1910199300L, -1468412118L, 1511672981L, 
1371441967L, -684860874L, 800464480L, 1888664739L, 1077254081L, 
-1420549200L, -1790687538L, 243471417L, -1474926005L, -1226162182L, 
-1562256644L, -1351192769L, 141295637L, -1513811156L, 1198405634L, 
79626973L, -1192400425L, -1982946114L, 1606098680L, 1974750427L, 
653020985L, -688657784L, -1041838538L, -2061058447L, 1191124131L, 
1536038386L, -122546876L, -361900537L, 1911542749L, -1676034860L, 
221537274L, 374248261L, 2091681695L, 1205505318L, 2084885936L, 
947965523L, 1941047665L, 1860395168L, 76886078L, 605312841L, 
-96846341L, -972824118L, 620171052L, -630690001L, -1297850907L, 
-1678778212L, -490519310L, -339165843L, -574649689L, 1530799310L, 
-902690264L, 661117483L, -1889357751L, -881751092L, 325381344L, 
42478274L, 1356017704L, -857224276L, -1236792644L, 880801266L, 
296109616L, -304623708L, -1265723976L, 871137114L, 1357916304L, 
2002283388L, 1359815444L, -1072205502L, 265569024L, 2097512380L, 
-1760943280L, 348534050L, 361418312L, -866265076L, -1501650852L, 
-1330910766L, 677284352L, 1062863188L, 577959144L, -457216774L, 
-2100152624L, 1431117100L, -1848801036L, 1794049426L, 137443680L, 
1083316236L, -1642467616L, -327431582L, 922672808L, 510277196L, 
1711397756L, 1536578866L, -798073232L, -444921020L, 608801752L, 
-799854726L, 42078768L, -2082583620L, 776643156L, -1840624574L, 
-886245216L, -1880509764L, -1972855344L, 2033481570L, 1159410408L, 
1722488012L, 1875758588L, 282163698L, 1688180352L, -353942028L, 
-620174712L, 84768570L, 1009098576L, -971957140L, -427070060L, 
1605344338L, 2087578080L, -2145454900L, -531480416L, 1640933762L, 
1700477160L, -412830996L, -313084612L, -234423182L, -746625936L, 
-701649884L, -2111963080L, 493116186L, -99951408L, -1631712452L, 
531691412L, 234966914L, -636475968L, -1256443332L, -901584496L, 
-1689703902L, 915672328L, 2024790668L, 1896466204L, 253468818L, 
-1200742016L, -563772908L, 697680680L, 1915356730L, -273643056L, 
-1154329236L, -387619916L, -2105881582L, 440971744L, 1438237644L, 
-1897414432L, 1004034082L, 2041244968L, -1722059252L, 236319548L, 
311428082L, -1320599824L, 619674180L, -496148904L, -1857834182L, 
2040480240L, -1303683396L, 1768164628L, 1740078786L, -2498464L, 
1847068540L, 913120208L, 696126754L, 1883563688L, -146846836L, 
1461017788L, 853833522L, -1951559104L, -1911682892L, 1567304264L, 
-656396870L, -211242480L, -1173733652L, -1081172652L, -417880814L, 
-1470211680L, 1425768140L, -1807583648L, 1774609346L, 1576518440L, 
1884593068L, -564830404L, -608916110L, -842588368L, -1871141596L, 
1299417912L, -523059494L, 697037712L, 1828748028L, -1517120620L, 
1027326018L, -780713728L, -1748159428L, -893110960L, 184864930L, 
1816460616L, 1486715660L, 47280860L, 1772224850L, -2020097920L, 
-1904100268L, 2022697960L, -244071174L, -234070192L, 868626220L, 
-739234444L, -1036071022L, 942521440L, -1148615284L, 307084128L, 
1573414370L, -1936071768L, -1007521588L, 1902443516L, -903163470L, 
1916149232L, 1125199812L, 1675452760L, 782370170L, -2053115984L, 
-979577412L, -1099492268L, 1849452482L, 1625925664L, 1293134012L, 
-1237150128L, 1514254306L, 1011951720L, -71180212L, -411609860L, 
-355567630L, 1906949376L, -1492560524L, 1819412488L, 1396978618L, 
21882320L, 235229164L, -442258028L, -1247602222L, 54714720L, 
1230101324L, -1493006048L, 1853319042L, 569853672L, -670109460L, 
355166268L, 551817074L, -184033680L, -1176298460L, 131794744L, 
950178970L, 601268944L, 764922044L, -783378796L, 261471874L, 
-1157363520L, 506650428L, -2146176880L, 1851176482L, -1159939064L, 
382622988L, -101770084L, -334482926L, 762168192L, 14513684L, 
1409431080L, -1689674438L, 636130768L, -1671401364L, 339420468L, 
-1123335534L, -1525508256L, -1522069684L, -919597088L, -1678193758L, 
1100091708L, 1572887914L, -739199073L, 1903534633L, 1814203582L, 
-1055238740L, -139547907L, 270886471L, 1270969648L, -279902642L, 
-362400133L, 1499641309L, -673119222L, 1249383720L, 2143730577L, 
783392131L, -311485820L, -907827022L, -1529874425L, 840488017L, 
540951510L, -981951820L, 1044490949L, 850947087L, -1930343288L, 
341622182L, 1000371539L, -53080395L, -1796807662L, -559311392L, 
-161548215L, 56712827L, -1843181748L, -625569062L, 1400641231L, 
431027865L, -2035078482L, 1625446332L, -1652322259L, -1891840041L, 
1683531296L, 1284327294L, 810232139L, 1641293L, 1429027194L, 
2042993592L, 382509409L, -1997574893L, 285930804L, -2135646398L, 
-2132951209L, 1166479009L, -1747493018L, 1042946404L, -1194247019L, 
180368831L, 317790552L, -1624221834L, -459250301L, 342712261L, 
730293474L, -1657839280L, -445710215L, 1122304939L, 1757554972L, 
-35201462L, -329696705L, 1590095497L, 1774492318L, -148494516L, 
1560985373L, -1518797145L, 1324348880L, -463377042L, -41877477L, 
-1638633091L, 469329770L, 151052808L, -1497381199L, -740703965L, 
1345999396L, -392415022L, 1276014887L, 1178631025L, -83400266L, 
120750420L, -1606156315L, -1295132177L, 1446486312L, 2071705990L, 
-1799117389L, -2025920235L, 2005441394L, -2017085504L, 670726185L, 
1012446363L, -1675112084L, -1618486918L, -2046051665L, 9138617L, 
289242062L, 477135644L, -644556147L, -1884880137L, -1002527232L, 
-1470758818L, 454925099L, 1131812909L, 1258930330L, 1739048024L, 
-1275935807L, -1583534989L, -1332226668L, 2146495522L, -2122421449L, 
2105683457L, 1195360006L, 477745988L, -757455243L, -263030817L, 
657738552L, 1058061590L, 988635427L, -24532251L, 125362946L, 
-1521948304L, 116113689L, -1209016053L, -1381023236L, -115369430L, 
-1246680481L, 1033026025L, -98815234L, -612664596L, 554945085L, 
-1802147321L, 625130992L, 307703182L, 173847483L, 835513757L, 
-1618054326L, -836450456L, -1132615343L, -1015608765L, 2006200132L, 
-1123990542L, -188458553L, 515624849L, -10717418L, 1077330804L, 
